Leaky ReLU:
Fprop: [  1.50000000e+00  -3.50000000e-02  -4.00000000e-03   4.30000000e+00
  -4.30000000e-02  -1.50000000e-02]
Bprop: [[ 5.   0.1 -0.1 -5.   0.   0.1]]
ELU:
Fprop: [ 1.5        -0.96980262 -0.32967995  4.3        -0.98643144 -0.77686984]
Bprop: [[ 5.          0.30197383 -6.70320046 -5.          0.          2.2313016 ]]
SELU:
Fprop: [ 1.57605    -1.70504519 -0.5796223   4.51801    -1.73428093 -1.36584307]
Bprop: [[  5.2535       0.53091116 -11.78514012  -5.2535       0.           3.92293236]]
